20260819011043
20260819011313
20260819011626
20260819020805
20260819020824
20260819020839
20260819020910
20260819021129
20260819021214
20260819021226
20260819021509
20260819021656
20260819021943
20260819042018
20260819042032
20260819052805
20260819052829
20260819151539
20260819151757
20260819151832
20260819151958
20260819152347
20260819152548
20260819152601
20260819152626
20260819152638
20260819152649
20260819152912
20260819153127
20260819153141
20260819154041
20260819154052
20260819163104
20260819163248
20260819164517
20260819164744
20260819184110
20260819184157
20260819184249
20260819184845
20260819200811
20260819201338
20260819201400
20260819201608
20260819201635
20260819201647
20260819205720
20260819205917
20260819221614
20260819221705
20260819222154
20260820003352
20260820173930
20260820174117
20260820174234
20260820182344
20260820182901
20260820182925
20260820192640
20260820195651
20260820195744
20260820200056
20260820212052
20260820213859
20260820214450
20260820214739
20260820214754
20260820215330
20260820215536
20260820220445
20260820221025
20260820221308
20260820223515
20260820223728
20260820223810
20260820223909
20260820224209
20260820230216
20260820232959
20260820233007
20260820233531
20260820233806
20260820233957
20260820234205
20260820234451
20260820234521
20260820234641
20260821001155
20260821001533
20260821001557
20260821005903
20260821010506
20260821010622
20260821010714
20260821010717
20260821010719
20260821010722
20260821010725
20260821010728
20260821010731
20260821010735
20260821010737
20260821010738
20260821010743
20260821010745
20260821010748
20260821010750
20260821010753
20260821010755
20260821010758
20260821010801
20260821010805
20260821010809
20260821010812
20260821010814
20260821011008
20260821011157
20260821012630
20260821020253
20260821021521
20260821021702
20260821021745
20260821021758
20260821022105
20260821022237
20260821022535
20260821022611
20260821022700
20260821022823
20260821023047
20260821023455
20260821025311
20260821025425
20260821025505
20260821025522
20260821025546
20260821025613
20260821025850
20260821025855
20260821030053
20260821030242
20260821030324
20260821030400
20260821030452
20260821030524
20260821030731
20260821030846
20260821031106
20260821031159
20260821031208
20260821031343
20260821031429
20260821031448
20260821031925
20260821032001
20260821032022
20260821032629
20260821033707
20260821034252
20260821040000
20260821040401
20260821041155
20260821041235
20260821041249
20260821041337
20260821042247
20260821042415
20260821050436
20260821051120
20260821051146
20260821062047
20260821064322
20260821064706
20260821065449
20260821080514
20260821080636
20260821084759
20260821094954
20260821100512
20260821174414
20260821175735
20260821175914
20260821224808
20260821224917
20260821225050
20260821225215
20260821225923
20260821231328
20260821231506
20260821231544
20260821232142
20260821232307
20260821232327
20260821232412
20260821232503
20260821232524
20260821232538
20260821233018
20260821233132
20260821234329
20260821234344
20260821234442
20260822001849
20260822002023
20260822002144
20260822002450
20260822002606
20260822004904
20260822005227
20260822005632
20260822005704
20260822010344
20260822010351
20260822010855
20260822010941
20260822011026
20260822012253
20260822013130
20260822013200
20260822013705
20260822013714
20260822013819
20260822013858
20260822013908
20260822013945
20260822014002
20260822014016
20260822014228
20260822014812
20260822014814
20260822014918
20260822014950
20260822015156
20260822015247
20260822015411
20260822020454
20260822032919
20260822033535
20260822033637
20260822034040
20260822034337
20260822034512
20260822034716
20260822035407
20260822035457
20260822035517
20260822035734
20260822040228
20260822045526
20260822045655
