20260822045812
20260822050152
20260822055806
20260822055849
20260822060026
20260822060542
20260822060641
20260822061354
20260822061806
20260822062103
20260822062558
20260822064147
20260822071229
20260822071914
20260822072013
20260822072119
20260822072645
20260822073027
20260822075132
20260822084736
20260822090059
20260822090145
20260822091226
20260822091316
20260822091447
20260822093911
20260822095422
20260822100007
20260822101611
20260822114712
20260822114933
20260822115309
20260822123440
20260822153926
20260822163743
20260822163819
20260822165636
20260822171845
20260822171947
20260822172055
20260822172421
20260822172453
20260822172744
20260822172827
20260822173027
20260822173106
20260822173226
20260822173241
20260822173301
20260822173343
20260822173520
20260822173640
20260822173659
20260822173744
20260822173803
20260822173829
20260822173904
20260822174028
20260822174847
20260822174852
20260822175012
20260822175014
20260822175426
20260822175447
20260822175511
20260822180034
20260822180322
20260822180504
20260822180525
20260822180603
20260822180756
20260822180943
20260822181240
20260822181333
20260822181723
20260822181808
20260822181829
20260822181950
20260822182128
20260822182415
20260822182556
20260822182724
20260822182732
20260822183017
20260822183326
20260822183350
20260822184029
20260822184110
20260822184546
20260822184705
20260822185404
20260822185903
20260822190002
20260822190044
20260822190213
20260822190236
20260822190339
20260822190358
20260822190450
20260822190617
20260822190851
20260822191252
20260822191543
20260822191916
20260822191946
20260822192140
20260822192348
20260822192402
20260822192516
20260822192604
20260822192801
20260822193011
20260822193118
20260822193237
20260822193302
20260822193349
20260822193410
20260822193550
20260822193646
20260822193808
20260822193829
20260822193940
20260822193945
20260822194018
20260822194121
20260822194200
20260822194233
20260822194243
20260822194246
20260822194300
20260822194304
20260822194313
20260822194328
20260822194343
20260822194355
20260822194424
20260822194516
20260822194557
20260822194625
20260822194633
20260822194651
20260822194732
20260822194733
20260822194822
20260822194857
20260822194904
20260822194941
20260822194950
20260822195007
20260822195032
20260822195131
20260822195206
20260822195207
20260822195418
20260822195618
20260822195718
20260822195720
20260822195744
20260822195746
20260822195809
20260822195821
20260822200133
20260822200301
20260822200319
20260822200406
20260822200436
20260822200754
20260822200830
20260822201129
20260822201509
20260822201603
20260822201727
20260822201828
20260822202138
20260822202158
20260822202236
20260822202406
20260822202703
20260822203058
20260822203451
20260822203520
20260822203925
20260822204404
20260822204452
20260822204604
20260822205027
20260822205215
20260822205522
20260822205647
20260822205741
20260822205919
20260822205942
20260822210000
20260822210243
20260822210326
20260822210353
20260822210406
20260822210853
20260822210931
20260822211142
20260822211204
20260822211253
20260822211638
20260822211827
20260822211850
20260823013550
20260823015117
20260823015231
20260823021646
20260823022126
20260823024531
20260823024735
20260823025233
20260823025401
20260823033446
20260823033527
20260823033619
20260823033650
20260823033703
20260823033809
20260823034112
20260823034648
20260823035015
20260823035118
20260823035209
20260823035219
20260823035426
20260823040016
20260823040103
20260823040120
20260823040140
20260823041124
20260823041400
20260823042037
20260823042115
20260823042415
20260823042529
20260823042608
20260823042707
20260823042912
20260823042959
20260823043158
20260823043954
20260823044904
20260823045312
20260823045336
20260823045346
20260823045416
20260823045430
20260823045455
