20260823045533
20260823045613
20260823045619
20260823045705
20260823045850
20260823050220
20260823050443
20260823050616
20260823051013
20260823051244
20260823051437
20260823051715
20260823051820
20260823051928
20260823051940
20260823053242
20260823055249
20260823055346
20260823060000
20260823060512
20260823060620
20260823060633
20260823060647
20260823060704
20260823060708
20260823060722
20260823060953
20260823061221
20260823061948
20260823062210
20260823163201
20260823171055
20260823171154
20260823171329
20260823171513
20260823172136
20260823172653
20260823181525
20260823181653
20260823182200
20260823182455
20260823182728
20260823183056
20260823183144
20260823183459
20260823183939
20260823184223
20260823184325
20260823184416
20260823184511
20260823184611
20260823185344
20260823190551
20260823191733
20260823194846
20260823195113
20260823195212
20260823201834
20260823202000
20260823203546
20260823203649
20260823204511
20260823204752
20260823204851
20260823211143
20260823211940
20260823220021
20260823220054
20260823221251
20260823221533
20260823222239
20260823222453
20260823222743
20260823222747
20260823222814
20260823223341
20260823225229
20260823225926
20260823230408
20260823230535
20260823230838
20260823231041
20260823231045
20260823231414
20260823234034
20260823234752
20260823234846
20260823235037
20260823235410
20260823235602
20260824000126
20260824000141
20260824000152
20260824000254
20260824000721
20260824000929
20260824001021
20260824001624
20260824001738
20260824001854
20260824002318
20260824002406
20260824002425
20260824005458
20260824005801
20260824010042
20260824010048
20260824010127
20260824010256
20260824012320
20260824012927
20260824013145
20260824014850
20260824015109
20260824015149
20260824015658
20260824020605
20260824030725
20260824030855
20260824030936
20260824031721
20260824032017
20260824033502
20260824033647
20260824033739
20260824033920
20260824034614
20260824035519
20260824035645
20260824035826
20260824040823
20260824041059
20260824041933
20260824042106
20260824044508
20260824044725
20260824045350
20260824045727
20260824045831
20260824050105
20260824050134
20260824050137
20260824050200
20260824050318
20260824050438
20260824050441
20260824050510
20260824050635
20260824050654
20260824050801
20260824050824
20260824050848
20260824050927
20260824051243
20260824052111
20260824052200
20260824063005
20260824063247
20260824070607
20260824070845
20260824073235
20260824073248
20260824073612
20260824074339
20260824074411
20260824074610
20260824075237
20260824075333
20260824080617
20260824081719
20260824081925
20260824082428
20260824082609
20260824082822
20260824083516
20260824083614
20260824084601
20260824085806
20260824091443
20260824093028
20260824102946
20260824110835
20260824114033
20260824145448
20260824145635
20260824171621
20260824191410
20260824194816
20260824194901
20260824195913
20260824195925
20260824200218
20260824200253
20260824200416
20260824230223
20260824230422
20260824230440
20260824230513
20260824230550
20260824230611
20260824231134
20260824231150
20260824231230
20260824231257
20260824231441
20260824231950
20260824232117
20260824232133
20260824232328
20260824232509
20260825023549
20260825023836
20260825023951
20260826002738
20260826003407
20260826003501
20260826004055
20260826005105
20260826005123
20260826005243
20260826005251
20260826005404
20260826005444
20260826005459
20260826005536
20260826010216
20260826011507
20260826012351
20260826013239
20260826015903
20260826021200
20260826021311
20260826021616
20260826023652
20260826023848
20260826024043
20260826024208
20260826024424
20260826024426
20260826024537
20260826024607
20260826024613
20260826025046
20260826025121
20260826025209
20260826025343
20260826025436
20260826025523
20260826025739
20260826032130
