20260826034006
20260826034241
20260826034352
20260826043103
20260826043736
20260826043858
20260826043931
20260826043939
20260826043954
20260826044025
20260826044352
20260826045309
20260826045441
20260826045632
20260826045839
20260826045857
20260826045916
20260826045927
20260826045940
20260826050109
20260826050214
20260826050349
20260826050658
20260826050709
20260826050926
20260826050946
20260826051033
20260826051202
20260826051402
20260826051432
20260826051506
20260826051543
20260826051632
20260826051651
20260826051720
20260826051722
20260826051748
20260826051916
20260826051938
20260826051957
20260826052007
20260826052233
20260826053037
20260826060819
20260826061803
20260826062029
20260826062520
20260826062646
20260826062941
20260826063909
20260826064251
20260826064319
20260826065017
20260826065157
20260826065346
20260826065452
20260826065618
20260826070408
20260826070818
20260826071134
20260826072046
20260826072358
20260826072613
20260826073248
20260826073850
20260826074525
20260826074739
20260826075228
20260826075356
20260826075519
20260826075650
20260826075703
20260826080004
20260826080017
20260826080324
20260826080514
20260826080613
20260826080635
20260826080718
20260826080928
20260826081604
20260826081645
20260826082227
20260826082412
20260826082544
20260826082547
20260826082833
20260826083037
20260826083054
20260826083258
20260826134624
20260826134822
20260826135238
20260826135814
20260826141153
20260826154804
20260826155319
20260826155349
20260826155819
20260826155904
20260826160208
20260826182343
20260826185700
20260826190019
20260826190204
20260826190351
20260826190818
20260826191229
20260826191323
20260826191401
20260826191526
20260826192111
20260826192657
20260826193001
20260826200533
20260826200558
20260826200616
20260826200701
20260826201148
20260826201454
20260826201527
20260826201731
20260826202223
20260826202451
20260826202552
20260826202613
20260826203240
20260826203725
20260826203904
20260826204004
20260826204047
20260826204124
20260826204409
20260826204425
20260826204621
20260826204942
20260826204954
20260826205209
20260826205239
20260826205248
20260826205302
20260826205441
20260826205442
20260826205545
20260826205712
20260826212726
20260826212801
20260826212910
20260826212944
20260826213447
20260826213537
20260826213606
20260826213712
20260826213815
20260826213831
20260826214121
20260826214257
20260826214538
20260826214825
20260826215115
20260826215256
20260826215358
20260826215705
20260826215834
20260826215918
20260826220041
20260826220401
20260826222043
20260826222331
20260826225204
20260826225527
20260826230616
20260826230723
20260826230754
20260826230923
20260826230940
20260826231010
20260826231038
20260826231217
20260826232359
20260826232536
20260826233254
20260826233332
20260826233339
20260826233539
20260826234529
20260826235201
20260826235226
20260827000201
20260827001145
20260827001510
20260827001603
20260827001848
20260827001924
20260827002000
20260827002622
20260827002732
20260827003526
20260827004133
20260827004339
20260827004519
20260827010419
20260827010624
20260827010908
20260827011233
20260827011408
20260827011521
20260827012351
20260827012637
20260827012647
20260827012816
20260827013758
20260827014419
20260827015023
20260827015046
20260827020504
20260827020818
20260827021531
20260827024630
20260827130836
20260827131137
20260827131150
20260827134718
20260827134801
20260827134818
20260827140016
20260827140028
20260827140051
20260827140100
20260827150846
20260827151243
20260827151749
20260827152102
20260827152256
20260827153035
20260827153111
20260827153203
20260827153413
20260827162824
20260827163532
20260827164217
