20260819011043
20260819011313
20260819011626
20260819020805
20260819020824
20260819020839
20260819020910
20260819021129
20260819021214
20260819021226
20260819021509
20260819021656
20260819021943
20260819042018
20260819042032
20260819052805
20260819052829
20260819151539
20260819151757
20260819151832
20260819151958
20260819152347
20260819152548
20260819152601
20260819152626
20260819152638
20260819152649
20260819152912
20260819153127
20260819153141
20260819154041
20260819154052
20260819163104
20260819163248
20260819164517
20260819164744
20260819184110
20260819184157
20260819184249
20260819184845
20260819200811
20260819201338
20260819201400
20260819201608
20260819201635
20260819201647
20260819205720
20260819205917
20260819221614
20260819221705
20260819222154
20260820003352
20260820173930
20260820174117
20260820174234
20260820182344
20260820182901
20260820182925
20260820192640
20260820195651
20260820195744
20260820200056
20260820212052
20260820213859
20260820214450
20260820214739
20260820214754
20260820215330
20260820215536
20260820220445
20260820221025
20260820221308
20260820223515
20260820223728
20260820223810
20260820223909
20260820224209
20260820230216
20260820232959
20260820233007
20260820233531
20260820233806
20260820233957
20260820234205
20260820234451
20260820234521
20260820234641
20260821001155
20260821001533
20260821001557
20260821005903
20260821010506
20260821010622
20260821010714
20260821010717
20260821010719
20260821010722
20260821010725
20260821010728
20260821010731
20260821010735
20260821010737
20260821010738
20260821010743
20260821010745
20260821010748
20260821010750
20260821010753
20260821010755
20260821010758
20260821010801
20260821010805
20260821010809
20260821010812
20260821010814
20260821011008
20260821011157
20260821012630
20260821020253
20260821021521
20260821021702
20260821021745
20260821021758
20260821022105
20260821022237
20260821022535
20260821022611
20260821022700
20260821022823
20260821023047
20260821023455
20260821025311
20260821025425
20260821025505
20260821025522
20260821025546
20260821025613
20260821025850
20260821025855
20260821030053
20260821030242
20260821030324
20260821030400
20260821030452
20260821030524
20260821030731
20260821030846
20260821031106
20260821031159
20260821031208
20260821031343
20260821031429
20260821031448
20260821031925
20260821032001
20260821032022
20260821032629
20260821033707
20260821034252
20260821040000
20260821040401
20260821041155
20260821041235
20260821041249
20260821041337
20260821042247
20260821042415
20260821050436
20260821051120
20260821051146
20260821062047
20260821064322
20260821064706
20260821065449
20260821080514
20260821080636
20260821084759
20260821094954
20260821100512
20260821174414
20260821175735
20260821175914
20260821224808
20260821224917
20260821225050
20260821225215
20260821225923
20260821231328
20260821231506
20260821231544
20260821232142
20260821232307
20260821232327
20260821232412
20260821232503
20260821232524
20260821232538
20260821233018
20260821233132
20260821234329
20260821234344
20260821234442
20260822001849
20260822002023
20260822002144
20260822002450
20260822002606
20260822004904
20260822005227
20260822005632
20260822005704
20260822010344
20260822010351
20260822010855
20260822010941
20260822011026
20260822012253
20260822013130
20260822013200
20260822013705
20260822013714
20260822013819
20260822013858
20260822013908
20260822013945
20260822014002
20260822014016
20260822014228
20260822014812
20260822014814
20260822014918
20260822014950
20260822015156
20260822015247
20260822015411
20260822020454
20260822032919
20260822033535
20260822033637
20260822034040
20260822034337
20260822034512
20260822034716
20260822035407
20260822035457
20260822035517
20260822035734
20260822040228
20260822045526
20260822045655
20260822045812
20260822050152
20260822055806
20260822055849
20260822060026
20260822060542
20260822060641
20260822061354
20260822061806
20260822062103
20260822062558
20260822064147
20260822071229
20260822071914
20260822072013
20260822072119
20260822072645
20260822073027
20260822075132
20260822084736
20260822090059
20260822090145
20260822091226
20260822091316
20260822091447
20260822093911
20260822095422
20260822100007
20260822101611
20260822114712
20260822114933
20260822115309
20260822123440
20260822153926
20260822163743
20260822163819
20260822165636
20260822171845
20260822171947
20260822172055
20260822172421
20260822172453
20260822172744
20260822172827
20260822173027
20260822173106
20260822173226
20260822173241
20260822173301
20260822173343
20260822173520
20260822173640
20260822173659
20260822173744
20260822173803
20260822173829
20260822173904
20260822174028
20260822174847
20260822174852
20260822175012
20260822175014
20260822175426
20260822175447
20260822175511
20260822180034
20260822180322
20260822180504
20260822180525
20260822180603
20260822180756
20260822180943
20260822181240
20260822181333
20260822181723
20260822181808
20260822181829
20260822181950
20260822182128
20260822182415
20260822182556
20260822182724
20260822182732
20260822183017
20260822183326
20260822183350
20260822184029
20260822184110
20260822184546
20260822184705
20260822185404
20260822185903
20260822190002
20260822190044
20260822190213
20260822190236
20260822190339
20260822190358
20260822190450
20260822190617
20260822190851
20260822191252
20260822191543
20260822191916
20260822191946
20260822192140
20260822192348
20260822192402
20260822192516
20260822192604
20260822192801
20260822193011
20260822193118
20260822193237
20260822193302
20260822193349
20260822193410
20260822193550
20260822193646
20260822193808
20260822193829
20260822193940
20260822193945
20260822194018
20260822194121
20260822194200
20260822194233
20260822194243
20260822194246
20260822194300
20260822194304
20260822194313
20260822194328
20260822194343
20260822194355
20260822194424
20260822194516
20260822194557
20260822194625
20260822194633
20260822194651
20260822194732
20260822194733
20260822194822
20260822194857
20260822194904
20260822194941
20260822194950
20260822195007
20260822195032
20260822195131
20260822195206
20260822195207
20260822195418
20260822195618
20260822195718
20260822195720
20260822195744
20260822195746
20260822195809
20260822195821
20260822200133
20260822200301
20260822200319
20260822200406
20260822200436
20260822200754
20260822200830
20260822201129
20260822201509
20260822201603
20260822201727
20260822201828
20260822202138
20260822202158
20260822202236
20260822202406
20260822202703
20260822203058
20260822203451
20260822203520
20260822203925
20260822204404
20260822204452
20260822204604
20260822205027
20260822205215
20260822205522
20260822205647
20260822205741
20260822205919
20260822205942
20260822210000
20260822210243
20260822210326
20260822210353
20260822210406
20260822210853
20260822210931
20260822211142
20260822211204
20260822211253
20260822211638
20260822211827
20260822211850
20260823013550
20260823015117
20260823015231
20260823021646
20260823022126
20260823024531
20260823024735
20260823025233
20260823025401
20260823033446
20260823033527
20260823033619
20260823033650
20260823033703
20260823033809
20260823034112
20260823034648
20260823035015
20260823035118
20260823035209
20260823035219
20260823035426
20260823040016
20260823040103
20260823040120
20260823040140
20260823041124
20260823041400
20260823042037
20260823042115
20260823042415
20260823042529
20260823042608
20260823042707
20260823042912
20260823042959
20260823043158
20260823043954
20260823044904
20260823045312
20260823045336
20260823045346
20260823045416
20260823045430
20260823045455
20260823045533
20260823045613
20260823045619
20260823045705
20260823045850
20260823050220
20260823050443
20260823050616
20260823051013
20260823051244
20260823051437
20260823051715
20260823051820
20260823051928
20260823051940
20260823053242
20260823055249
20260823055346
20260823060000
20260823060512
20260823060620
20260823060633
20260823060647
20260823060704
20260823060708
20260823060722
20260823060953
20260823061221
20260823061948
20260823062210
20260823163201
20260823171055
20260823171154
20260823171329
20260823171513
20260823172136
20260823172653
20260823181525
20260823181653
20260823182200
20260823182455
20260823182728
20260823183056
20260823183144
20260823183459
20260823183939
20260823184223
20260823184325
20260823184416
20260823184511
20260823184611
20260823185344
20260823190551
20260823191733
20260823194846
20260823195113
20260823195212
20260823201834
20260823202000
20260823203546
20260823203649
20260823204511
20260823204752
20260823204851
20260823211143
20260823211940
20260823220021
20260823220054
20260823221251
20260823221533
20260823222239
20260823222453
20260823222743
20260823222747
20260823222814
20260823223341
20260823225229
20260823225926
20260823230408
20260823230535
20260823230838
20260823231041
20260823231045
20260823231414
20260823234034
20260823234752
20260823234846
20260823235037
20260823235410
20260823235602
20260824000126
20260824000141
20260824000152
20260824000254
20260824000721
20260824000929
20260824001021
20260824001624
20260824001738
20260824001854
20260824002318
20260824002406
20260824002425
20260824005458
20260824005801
20260824010042
20260824010048
20260824010127
20260824010256
20260824012320
20260824012927
20260824013145
20260824014850
20260824015109
20260824015149
20260824015658
20260824020605
20260824030725
20260824030855
20260824030936
20260824031721
20260824032017
20260824033502
20260824033647
20260824033739
20260824033920
20260824034614
20260824035519
20260824035645
20260824035826
20260824040823
20260824041059
20260824041933
20260824042106
20260824044508
20260824044725
20260824045350
20260824045727
20260824045831
20260824050105
20260824050134
20260824050137
20260824050200
20260824050318
20260824050438
20260824050441
20260824050510
20260824050635
20260824050654
20260824050801
20260824050824
20260824050848
20260824050927
20260824051243
20260824052111
20260824052200
20260824063005
20260824063247
20260824070607
20260824070845
20260824073235
20260824073248
20260824073612
20260824074339
20260824074411
20260824074610
20260824075237
20260824075333
20260824080617
20260824081719
20260824081925
20260824082428
20260824082609
20260824082822
20260824083516
20260824083614
20260824084601
20260824085806
20260824091443
20260824093028
20260824102946
20260824110835
20260824114033
20260824145448
20260824145635
20260824171621
20260824191410
20260824194816
20260824194901
20260824195913
20260824195925
20260824200218
20260824200253
20260824200416
20260824230223
20260824230422
20260824230440
20260824230513
20260824230550
20260824230611
20260824231134
20260824231150
20260824231230
20260824231257
20260824231441
20260824231950
20260824232117
20260824232133
20260824232328
20260824232509
20260825023549
20260825023836
20260825023951
20260826002738
20260826003407
20260826003501
20260826004055
20260826005105
20260826005123
20260826005243
20260826005251
20260826005404
20260826005444
20260826005459
20260826005536
20260826010216
20260826011507
20260826012351
20260826013239
20260826015903
20260826021200
20260826021311
20260826021616
20260826023652
20260826023848
20260826024043
20260826024208
20260826024424
20260826024426
20260826024537
20260826024607
20260826024613
20260826025046
20260826025121
20260826025209
20260826025343
20260826025436
20260826025523
20260826025739
20260826032130
20260826034006
20260826034241
20260826034352
20260826043103
20260826043736
20260826043858
20260826043931
20260826043939
20260826043954
20260826044025
20260826044352
20260826045309
20260826045441
20260826045632
20260826045839
20260826045857
20260826045916
20260826045927
20260826045940
20260826050109
20260826050214
20260826050349
20260826050658
20260826050709
20260826050926
20260826050946
20260826051033
20260826051202
20260826051402
20260826051432
20260826051506
20260826051543
20260826051632
20260826051651
20260826051720
20260826051722
20260826051748
20260826051916
20260826051938
20260826051957
20260826052007
20260826052233
20260826053037
20260826060819
20260826061803
20260826062029
20260826062520
20260826062646
20260826062941
20260826063909
20260826064251
20260826064319
20260826065017
20260826065157
20260826065346
20260826065452
20260826065618
20260826070408
20260826070818
20260826071134
20260826072046
20260826072358
20260826072613
20260826073248
20260826073850
20260826074525
20260826074739
20260826075228
20260826075356
20260826075519
20260826075650
20260826075703
20260826080004
20260826080017
20260826080324
20260826080514
20260826080613
20260826080635
20260826080718
20260826080928
20260826081604
20260826081645
20260826082227
20260826082412
20260826082544
20260826082547
20260826082833
20260826083037
20260826083054
20260826083258
20260826134624
20260826134822
20260826135238
20260826135814
20260826141153
20260826154804
20260826155319
20260826155349
20260826155819
20260826155904
20260826160208
20260826182343
20260826185700
20260826190019
20260826190204
20260826190351
20260826190818
20260826191229
20260826191323
20260826191401
20260826191526
20260826192111
20260826192657
20260826193001
20260826200533
20260826200558
20260826200616
20260826200701
20260826201148
20260826201454
20260826201527
20260826201731
20260826202223
20260826202451
20260826202552
20260826202613
20260826203240
20260826203725
20260826203904
20260826204004
20260826204047
20260826204124
20260826204409
20260826204425
20260826204621
20260826204942
20260826204954
20260826205209
20260826205239
20260826205248
20260826205302
20260826205441
20260826205442
20260826205545
20260826205712
20260826212726
20260826212801
20260826212910
20260826212944
20260826213447
20260826213537
20260826213606
20260826213712
20260826213815
20260826213831
20260826214121
20260826214257
20260826214538
20260826214825
20260826215115
20260826215256
20260826215358
20260826215705
20260826215834
20260826215918
20260826220041
20260826220401
20260826222043
20260826222331
20260826225204
20260826225527
20260826230616
20260826230723
20260826230754
20260826230923
20260826230940
20260826231010
20260826231038
20260826231217
20260826232359
20260826232536
20260826233254
20260826233332
20260826233339
20260826233539
20260826234529
20260826235201
20260826235226
20260827000201
20260827001145
20260827001510
20260827001603
20260827001848
20260827001924
20260827002000
20260827002622
20260827002732
20260827003526
20260827004133
20260827004339
20260827004519
20260827010419
20260827010624
20260827010908
20260827011233
20260827011408
20260827011521
20260827012351
20260827012637
20260827012647
20260827012816
20260827013758
20260827014419
20260827015023
20260827015046
20260827020504
20260827020818
20260827021531
20260827024630
20260827130836
20260827131137
20260827131150
20260827134718
20260827134801
20260827134818
20260827140016
20260827140028
20260827140051
20260827140100
20260827150846
20260827151243
20260827151749
20260827152102
20260827152256
20260827153035
20260827153111
20260827153203
20260827153413
20260827162824
20260827163532
20260827164217
